Ambiente,Cliente,Versión,Muestras
Testing04,Voii,V4.721,2
